timestamp,open,high,low,close,volume
1710460800000,11.557,11.706,9.975,10.81,20216540.26
1710547200000,10.811,10.899,9.502,9.682,13825011.98
1710633600000,9.684,10.252,9.19,10.083,9420189.81
1710720000000,10.083,10.456,9.602,9.902,9838197.4
1710806400000,9.901,9.994,8.6,8.766,15363075.8
1710892800000,8.766,9.567,8.488,9.483,12729562.23
1710979200000,9.483,9.583,9.067,9.179,7536093.12
1711065600000,9.179,9.367,8.694,8.936,6104700.92
1711152000000,8.939,9.224,8.852,8.968,3464506.12
1711238400000,8.967,9.43,8.952,9.37,3551552.34
1711324800000,9.372,9.832,9.287,9.735,6350466.97
1711411200000,9.737,10.057,9.525,9.689,8244078.96
1711497600000,9.689,9.814,9.304,9.445,7078224.52
1711584000000,9.448,9.659,9.3,9.522,5433742.81
1711670400000,9.524,9.81,9.344,9.601,6430200.46
1711756800000,9.601,9.699,9.387,9.429,3097586.67
1711843200000,9.429,9.649,9.414,9.647,2347041.29
1711929600000,9.647,9.747,8.923,9.143,6554213.02
1712016000000,9.143,9.143,8.37,8.582,8040640.57
1712102400000,8.582,8.78,8.284,8.416,5456340.4
1712188800000,8.416,8.711,8.263,8.486,5143837.32
1712275200000,8.486,8.511,8.076,8.379,4594358.61
1712361600000,8.379,8.555,8.329,8.494,3135750.79
1712448000000,8.495,8.741,8.458,8.704,3777830.16
1712534400000,8.704,9.096,8.57,9.043,5282323.07
1712620800000,9.043,9.137,8.632,8.659,6315720.0
1712707200000,8.657,8.701,8.122,8.408,6364196.82
1712793600000,8.408,8.528,8.183,8.384,4548223.43
1712880000000,8.382,8.49,6.503,7.24,18112289.17
1712966400000,7.24,7.334,5.693,6.388,21049661.8
1713052800000,6.389,6.929,6.193,6.855,15785330.1
1713139200000,6.855,7.206,6.429,6.708,9782724.46
1713225600000,6.708,6.821,6.371,6.702,5720075.35
1713312000000,6.7,6.779,6.326,6.583,4881081.63
1713398400000,6.58,6.829,6.445,6.784,3726348.91
1713484800000,6.783,6.917,6.274,6.682,7702126.65
1713571200000,6.681,7.283,6.608,7.241,3963964.15
1713657600000,7.241,7.288,6.962,7.14,2994106.76
1713744000000,7.139,7.583,7.089,7.466,5143305.97
1713830400000,7.467,7.543,7.205,7.242,4802056.52
1713916800000,7.243,7.5,6.857,6.931,6094306.22
1714003200000,6.932,7.001,6.703,6.862,4296277.37
1714089600000,6.863,6.951,6.714,6.764,4650325.63
1714176000000,6.765,6.866,6.511,6.807,3888055.62
1714262400000,6.808,6.951,6.69,6.728,2445507.2
1714348800000,6.726,6.826,6.47,6.587,3658934.18
1714435200000,6.588,6.669,6.04,6.425,7667235.19
1714521600000,6.423,6.935,6.129,6.899,9928379.44
1714608000000,6.9,7.409,6.694,7.273,5866303.67
1714694400000,7.272,7.386,7.002,7.245,6917886.48
1714780800000,7.244,7.28,7.105,7.122,3557671.87
1714867200000,7.122,7.4,7.014,7.302,4163778.64
1714953600000,7.303,7.473,7.06,7.121,4753151.15
1715040000000,7.119,7.295,6.979,6.993,3682848.45
1715126400000,6.992,7.189,6.893,6.983,3774626.84
1715212800000,6.982,7.089,6.782,7.05,3379414.81
1715299200000,7.049,7.149,6.69,6.746,4044018.42
1715385600000,6.745,6.809,6.635,6.659,2377967.87
1715472000000,6.659,6.793,6.586,6.617,1576234.91
1715558400000,6.616,6.826,6.431,6.669,3606786.8
1715644800000,6.671,6.698,6.469,6.485,2744202.98
1715731200000,6.485,7.029,6.461,6.961,4442558.01
1715817600000,6.961,7.066,6.812,7.025,3415709.35
1715904000000,7.025,7.299,6.999,7.199,4256397.78
1715990400000,7.198,7.232,7.063,7.157,1889934.65
1716076800000,7.157,7.18,6.889,6.931,1874582.61
1716163200000,6.93,7.584,6.851,7.575,4828245.07
1716249600000,7.574,7.671,7.428,7.61,4957810.67
1716336000000,7.609,7.701,7.38,7.467,4310060.98
1716422400000,7.466,7.604,6.895,7.2,8045710.66
1716508800000,7.199,7.386,7.017,7.244,3827983.04
1716595200000,7.244,7.438,7.22,7.425,2016462.27
1716681600000,7.426,7.64,7.367,7.557,2927564.39
1716768000000,7.556,7.775,7.38,7.64,3611626.96
1716854400000,7.64,7.667,7.277,7.37,4935005.61
1716940800000,7.371,7.562,7.145,7.178,4221424.57
1717027200000,7.178,7.243,6.923,6.998,4211075.5
1717113600000,6.997,7.054,6.803,6.984,2478066.66
1717200000000,6.984,7.135,6.959,7.062,1506527.64
1717286400000,7.061,7.125,6.917,6.988,1812466.32
1717372800000,6.989,7.191,6.932,7.009,3867604.77
1717459200000,7.009,7.236,6.941,7.177,2889356.19
1717545600000,7.178,7.298,7.148,7.251,2836358.18
1717632000000,7.25,7.288,7.056,7.144,2433999.18
1717718400000,7.145,7.291,6.053,6.659,8416185.59
1717804800000,6.659,6.683,6.338,6.384,3615115.34
1717891200000,6.384,6.54,6.375,6.527,2659717.39
1717977600000,6.527,6.582,6.357,6.506,2942181.04
1718064000000,6.506,6.527,6.217,6.378,5420734.07
1718150400000,6.378,6.931,6.276,6.738,7033186.82
1718236800000,6.737,6.743,6.336,6.359,3581239.76
1718323200000,6.36,6.488,6.0,6.163,5069082.95
1718409600000,6.162,6.258,6.109,6.223,1928449.76
1718496000000,6.223,6.428,6.149,6.396,3423193.06
1718582400000,6.397,6.418,5.987,6.069,4149733.54
1718668800000,6.069,6.089,5.46,5.771,10700166.19
1718755200000,5.771,5.993,5.73,5.799,4114058.81
1718841600000,5.798,5.972,5.6,5.642,3352117.74
1718928000000,5.643,5.737,5.549,5.611,3503011.61
1719014400000,5.612,5.805,5.541,5.751,2939866.91
1719100800000,5.752,5.83,5.587,5.652,1702329.17
1719187200000,5.651,5.74,5.389,5.729,5455119.88
1719273600000,5.727,5.976,5.705,5.842,3888721.25
1719360000000,5.841,5.949,5.757,5.799,2681962.98
1719446400000,5.799,6.38,5.706,6.287,6316840.04
1719532800000,6.286,6.442,6.159,6.19,3765151.4
1719619200000,6.189,6.305,6.063,6.08,1478576.61
1719705600000,6.08,6.26,6.023,6.215,1831777.53
1719792000000,6.216,6.45,6.195,6.329,3174108.21
1719878400000,6.33,6.611,6.314,6.531,5472083.79
1719964800000,6.531,6.545,5.998,6.081,4570764.83
1720051200000,6.082,6.134,5.539,5.556,6705156.48
1720137600000,5.556,5.918,4.915,5.687,20535452.4
1720224000000,5.686,6.312,5.631,6.24,11542351.46
1720310400000,6.24,6.313,5.882,5.911,5276684.6
1720396800000,5.909,6.293,5.695,5.944,6138945.03
1720483200000,5.943,6.2,5.84,6.117,4353640.81
1720569600000,6.117,6.26,6.05,6.097,4110238.98
1720656000000,6.096,6.248,5.895,5.903,2350422.86
1720742400000,5.902,6.104,5.801,6.103,2711128.45
1720828800000,6.102,6.306,6.074,6.232,2003082.88
1720915200000,6.233,6.357,6.159,6.32,2826709.6
1721001600000,6.32,6.543,6.295,6.484,5049392.8
1721088000000,6.486,6.513,6.126,6.337,4558393.8
1721174400000,6.335,6.535,6.246,6.255,3182801.28
1721260800000,6.254,6.407,6.02,6.093,3370663.16
1721347200000,6.092,6.48,5.978,6.338,2757057.53
1721433600000,6.337,6.397,6.224,6.333,1720991.41
1721520000000,6.332,6.445,6.1,6.43,2339766.13
1721606400000,6.43,6.476,6.08,6.096,2585309.02
1721692800000,6.095,6.165,5.799,5.917,2986487.42
1721779200000,5.917,5.997,5.654,5.748,2358741.13
1721865600000,5.747,5.779,5.54,5.755,2972357.49
1721952000000,5.755,5.891,5.726,5.867,2528303.82
1722038400000,5.867,5.942,5.715,5.825,2061613.39
1722124800000,5.825,5.844,5.67,5.718,1204090.29
1722211200000,5.72,5.88,5.622,5.649,2552750.24
1722297600000,5.65,5.726,5.481,5.519,1921244.42
1722384000000,5.519,5.559,5.335,5.389,2644241.77
1722470400000,5.389,5.422,5.026,5.34,4408677.71
1722556800000,5.341,5.369,5.0,5.122,3554684.74
1722643200000,5.123,5.209,4.854,5.045,3126943.96
1722729600000,5.044,5.097,4.534,4.688,4876624.24
1722816000000,4.688,4.726,3.59,4.2,21997702.93
1722902400000,4.199,4.604,4.194,4.509,5497287.59
1722988800000,4.509,4.641,4.403,4.579,5243270.78
1723075200000,4.579,4.904,4.48,4.879,4847719.81
1723161600000,4.879,4.924,4.73,4.783,2737150.09
1723248000000,4.783,4.832,4.723,4.754,1189116.19
1723334400000,4.753,4.829,4.466,4.495,1800885.03
1723420800000,4.495,4.68,4.45,4.588,2055574.69
1723507200000,4.587,4.65,4.398,4.547,2199766.63
1723593600000,4.546,4.554,4.343,4.383,2361315.25
1723680000000,4.383,4.481,4.227,4.277,2334737.9
1723766400000,4.278,4.387,4.211,4.292,1920753.49
1723852800000,4.293,4.384,4.275,4.369,859646.82
1723939200000,4.37,4.529,4.346,4.39,2034044.35
1724025600000,4.391,4.504,4.344,4.481,1876212.07
1724112000000,4.481,4.604,4.455,4.524,2015995.76
1724198400000,4.524,4.749,4.492,4.663,2872074.59
1724284800000,4.664,4.72,4.591,4.689,3039748.99
1724371200000,4.69,4.953,4.684,4.891,3604290.98
1724457600000,4.892,5.1,4.845,4.981,3274573.09
1724544000000,4.982,4.995,4.744,4.819,3038021.47
1724630400000,4.823,4.866,4.53,4.558,2919726.61
1724716800000,4.557,4.658,4.24,4.378,4020085.47
1724803200000,4.378,4.453,4.165,4.254,3363625.7
1724889600000,4.255,4.403,4.179,4.252,2528160.83
1724976000000,4.252,4.335,4.101,4.277,2493943.55
1725062400000,4.277,4.318,4.218,4.258,1087944.03
1725148800000,4.259,4.259,4.032,4.068,2516218.02
1725235200000,4.068,4.234,4.051,4.208,2199151.08
1725321600000,4.209,4.285,4.056,4.062,2045219.35
1725408000000,4.063,4.197,3.868,4.111,4271469.46
1725494400000,4.111,4.127,3.973,4.021,1907467.81
1725580800000,4.022,4.096,3.818,3.959,3968575.54
1725667200000,3.96,4.133,3.935,4.079,1686608.94
1725753600000,4.08,4.208,4.059,4.161,1503933.15
1725840000000,4.162,4.341,4.111,4.286,2798131.43
1725926400000,4.286,4.289,4.197,4.251,1848659.47
1726012800000,4.25,4.257,4.058,4.191,2947171.99
1726099200000,4.192,4.3,4.189,4.294,2205112.48
1726185600000,4.294,4.472,4.27,4.42,3251739.87
1726272000000,4.42,4.445,4.344,4.437,1857961.23
1726358400000,4.437,4.558,4.355,4.393,2920077.53
1726444800000,4.393,4.393,4.148,4.196,3152928.3
1726531200000,4.195,4.288,4.127,4.157,3322360.31
1726617600000,4.158,4.178,3.973,4.176,4814848.56
1726704000000,4.177,4.352,4.177,4.255,4658192.56
1726790400000,4.255,4.404,4.19,4.34,4540903.46
1726876800000,4.339,4.477,4.282,4.462,2465166.54
1726963200000,4.46,4.483,4.234,4.311,2410272.28
1727049600000,4.31,4.462,4.233,4.458,3549403.67
1727136000000,4.458,4.684,4.401,4.635,4816662.23
1727222400000,4.636,4.773,4.59,4.637,3965799.79
1727308800000,4.637,4.878,4.564,4.814,3813731.87
1727395200000,4.814,4.964,4.809,4.882,4302233.12
1727481600000,4.883,4.93,4.746,4.794,2346081.15
1727568000000,4.794,4.858,4.682,4.767,2288995.53
1727654400000,4.767,4.771,4.399,4.432,4303691.53
1727740800000,4.432,4.563,4.051,4.154,8519076.94
1727827200000,4.154,4.27,4.004,4.102,4868593.35
1727913600000,4.102,4.173,3.989,4.129,4867140.66
1728000000000,4.129,4.212,4.106,4.194,3025511.57
1728086400000,4.194,4.234,4.075,4.139,1785207.19
1728172800000,4.139,4.195,4.097,4.191,1577602.61
1728259200000,4.19,4.272,4.126,4.131,3779052.3
1728345600000,4.13,4.184,4.045,4.104,3238080.04
1728432000000,4.105,4.15,3.951,4.024,3076173.21
1728518400000,4.024,4.077,3.962,4.073,2490257.83
1728604800000,4.073,4.196,4.053,4.171,2347729.65
1728691200000,4.172,4.263,4.152,4.205,2311858.57
1728777600000,4.205,4.216,4.086,4.162,1965193.65
1728864000000,4.163,4.4,4.134,4.378,4101366.34
1728950400000,4.379,4.535,4.291,4.406,6569159.09
1729036800000,4.407,4.411,4.287,4.314,3164327.04
1729123200000,4.313,4.35,4.146,4.193,2710997.96
1729209600000,4.193,4.312,4.173,4.31,2869979.62
1729296000000,4.311,4.483,4.31,4.432,3363117.5
1729382400000,4.433,4.594,4.357,4.579,3366066.45
1729468800000,4.578,4.615,4.334,4.377,3629142.83
1729555200000,4.378,4.437,4.271,4.322,3090937.0
1729641600000,4.324,4.332,4.104,4.21,3130845.0
1729728000000,4.21,4.26,4.143,4.206,3252270.96
1729814400000,4.206,4.22,3.848,3.996,5549275.62
1729900800000,3.996,4.061,3.943,4.035,3482001.47
1729987200000,4.036,4.136,4.007,4.128,2787235.2
1730073600000,4.129,4.226,4.004,4.132,5064133.38
1730160000000,4.133,4.251,4.119,4.193,5447880.2
1730246400000,4.193,4.218,4.119,4.191,4299714.15
1730332800000,4.192,4.215,3.901,3.959,6741494.0
1730419200000,3.959,3.996,3.845,3.908,5578717.23
1730505600000,3.908,3.949,3.823,3.908,3320709.06
1730592000000,3.908,3.931,3.665,3.784,6064734.41
1730678400000,3.786,3.839,3.679,3.752,3353577.29
1730764800000,3.751,3.919,3.746,3.855,3347876.96
1730851200000,3.856,4.13,3.855,4.111,9391141.87
1730937600000,4.111,4.199,4.045,4.163,7086769.64
1731024000000,4.164,4.392,4.116,4.325,11448594.98
1731110400000,4.324,4.641,4.262,4.63,8503678.87
1731196800000,4.632,5.478,4.582,5.241,35504372.79
1731283200000,5.242,5.786,4.972,5.71,21631063.61
1731369600000,5.71,5.839,5.116,5.308,26930359.43
1731456000000,5.309,5.429,4.908,5.073,20191236.54
1731542400000,5.072,5.216,4.686,4.775,13094082.94
1731628800000,4.777,5.174,4.704,5.161,10257406.37
1731715200000,5.16,5.803,5.132,5.787,17564833.99
1731801600000,5.786,6.147,5.304,5.424,18374242.79
1731888000000,5.425,6.1,5.392,6.008,16117811.2
1731974400000,6.008,6.044,5.659,5.805,9028491.8
1732060800000,5.805,6.08,5.532,5.724,13729161.22
1732147200000,5.724,5.968,5.473,5.93,13681255.17
1732233600000,5.932,6.687,5.878,6.63,21148336.67
1732320000000,6.631,9.432,6.585,8.515,60359355.47
1732406400000,8.515,10.5,8.042,8.825,55980685.72
1732492800000,8.824,9.359,8.11,8.232,23515306.26
1732579200000,8.231,8.468,7.55,8.065,20294174.75
1732665600000,8.065,8.568,7.842,8.456,15952780.89
1732752000000,8.457,8.752,8.002,8.615,12382641.04
1732838400000,8.615,9.076,8.44,9.026,16424896.92
1732924800000,9.027,9.224,8.604,8.945,18065505.49
1733011200000,8.945,9.388,8.696,9.289,14685246.0
1733097600000,9.291,10.198,8.455,10.011,30869602.68
1733184000000,10.011,10.39,9.055,9.78,30261037.54
1733270400000,9.781,11.649,9.663,10.512,40288736.88
1733356800000,10.513,11.233,9.895,10.369,25573286.13
1733443200000,10.37,10.887,10.011,10.673,16867235.82
1733529600000,10.673,10.928,10.306,10.592,11608605.32
1733616000000,10.592,10.8,10.1,10.392,9936977.11
1733702400000,10.393,10.397,7.5,8.468,30556061.58
1733788800000,8.468,8.718,7.59,8.395,23727142.47
1733875200000,8.394,9.269,8.023,8.993,16541944.16
1733961600000,8.993,9.669,8.911,9.061,17978417.97
1734048000000,9.062,9.234,8.772,9.089,11250987.35
1734134400000,9.088,9.212,8.347,8.551,10546490.88
1734220800000,8.553,9.264,8.367,9.028,12168923.08
1734307200000,9.028,9.204,8.587,8.756,11767882.69
1734393600000,8.756,8.972,8.379,8.487,9689503.83
1734480000000,8.49,8.545,7.563,7.679,14284782.32
1734566400000,7.679,7.802,6.76,6.941,22054262.66
1734652800000,6.942,7.36,6.01,7.29,23182838.78
1734739200000,7.291,7.802,6.836,6.973,12411891.98
1734825600000,6.976,7.27,6.682,6.842,8776666.68
1734912000000,6.844,7.572,6.654,7.385,10441949.73
1734998400000,7.384,7.64,7.154,7.552,7945555.67
1735084800000,7.551,7.678,7.353,7.502,5305255.63
1735171200000,7.502,7.592,6.881,6.932,5952209.03
1735257600000,6.933,7.312,6.815,6.91,6318307.4
1735344000000,6.912,7.184,6.792,7.113,4219904.23
1735430400000,7.114,7.152,6.81,6.865,3618120.74
1735516800000,6.867,7.109,6.537,6.704,6758873.72
1735603200000,6.706,6.929,6.565,6.643,4270052.58
1735689600000,6.642,7.141,6.52,7.051,4854650.19
1735776000000,7.052,7.36,7.051,7.177,5662998.77
1735862400000,7.179,8.044,7.135,7.754,10892070.17
1735948800000,7.753,7.882,7.604,7.677,5399719.09
1736035200000,7.678,7.735,7.46,7.671,3864962.36
1736121600000,7.672,7.988,7.54,7.768,7081416.98
1736208000000,7.77,7.888,7.006,7.014,12003377.11
1736294400000,7.013,7.136,6.421,6.76,12158592.89
1736380800000,6.759,6.847,6.454,6.559,7236598.9
1736467200000,6.558,6.81,6.482,6.732,6645927.74
1736553600000,6.731,6.878,6.582,6.742,3109598.81
1736640000000,6.741,6.817,6.542,6.632,2241615.84
1736726400000,6.632,6.808,6.0,6.396,10199678.51
1736812800000,6.397,6.69,6.367,6.665,5174378.72
1736899200000,6.668,7.196,6.558,7.165,9177823.38
1736985600000,7.166,7.393,6.847,7.15,10781374.02
1737072000000,7.154,7.6,7.152,7.503,8017976.75
1737158400000,7.504,7.589,6.839,7.043,8528830.03
1737244800000,7.043,7.237,6.11,6.247,18463335.53
1737331200000,6.246,7.109,6.054,6.381,21982145.76
1737417600000,6.381,6.845,6.155,6.622,8255422.94
1737504000000,6.623,6.696,6.412,6.447,4674155.01
1737590400000,6.447,6.503,6.191,6.351,6958597.48
1737676800000,6.351,6.546,6.203,6.32,4639656.86
1737763200000,6.319,6.41,6.246,6.323,3418652.69
1737849600000,6.323,6.47,6.166,6.177,3801099.68
1737936000000,6.176,6.212,5.485,5.953,12932411.15
1738022400000,5.953,6.037,5.6,5.649,5048053.65
1738108800000,5.648,5.881,5.544,5.768,6047240.35
1738195200000,5.767,6.257,5.722,6.125,5322849.22
1738281600000,6.125,6.499,6.029,6.321,8668790.29
1738368000000,6.322,6.492,5.861,5.905,6999151.58
1738454400000,5.906,6.048,4.863,5.153,17423977.29
1738540800000,5.155,5.28,3.78,5.176,44336682.05
1738627200000,5.177,5.229,4.581,4.742,16164176.0
1738713600000,4.743,4.865,4.628,4.689,6698304.03
1738800000000,4.689,4.838,4.441,4.49,6626961.02
1738886400000,4.49,4.938,4.459,4.593,9796463.72
1738972800000,4.594,4.765,4.499,4.745,4650038.29
1739059200000,4.745,4.878,4.511,4.762,7038964.34
1739145600000,4.763,4.92,4.608,4.845,7055381.19
1739232000000,4.846,5.21,4.749,4.809,9664290.61
1739318400000,4.809,5.332,4.752,5.227,15217967.69
1739404800000,5.228,5.277,5.067,5.131,6378691.02
1739491200000,5.132,5.378,5.1,5.17,6591725.25
1739577600000,5.17,5.22,4.976,5.022,4188333.3
1739664000000,5.022,5.047,4.826,4.88,3661323.85
1739750400000,4.88,5.07,4.776,4.89,6062988.09
1739836800000,4.89,4.918,4.56,4.769,7479844.27
1739923200000,4.77,4.908,4.699,4.886,4658637.52
1740009600000,4.886,5.069,4.881,5.047,6201014.48
1740096000000,5.047,5.339,4.952,5.061,11452215.06
1740182400000,5.062,5.216,5.025,5.043,5842036.36
1740268800000,5.043,5.135,4.905,4.953,3679542.01
1740355200000,4.953,4.981,4.336,4.416,9862579.39
1740441600000,4.416,4.758,4.138,4.64,19174046.17
1740528000000,4.64,4.931,4.591,4.754,12186062.66
1740614400000,4.755,5.183,4.714,4.934,13238904.52
1740700800000,4.934,4.935,4.454,4.712,14950436.65
1740787200000,4.713,4.819,4.525,4.664,6300022.18
1740873600000,4.663,5.23,4.568,5.205,14370599.81
1740960000000,5.205,5.25,4.435,4.473,14498771.22
1741046400000,4.474,4.515,4.017,4.33,16361521.68
1741132800000,4.33,4.549,4.278,4.526,7554050.49
1741219200000,4.525,4.664,4.343,4.431,7174387.38
1741305600000,4.431,4.677,4.213,4.413,12234991.06
1741392000000,4.412,4.446,4.26,4.289,4166889.83
1741478400000,4.289,4.353,3.978,4.019,8567666.17
1741564800000,4.019,4.285,3.775,3.868,11244883.73
1741651200000,3.87,4.123,3.65,4.042,11221604.68
1741737600000,4.044,4.097,3.847,3.968,9411906.66
1741824000000,3.968,4.109,3.826,3.981,7535359.95
1741910400000,3.98,4.228,3.969,4.187,7564082.21
1741996800000,4.187,4.429,4.186,4.349,4603294.28
1742083200000,4.35,4.366,4.183,4.298,4860914.03
1742169600000,4.298,4.468,4.298,4.37,4964214.66
1742256000000,4.372,4.487,4.232,4.45,4943541.34
1742342400000,4.45,4.596,4.438,4.538,7492558.96
1742428800000,4.538,4.567,4.327,4.399,4472127.93
1742515200000,4.4,4.586,4.378,4.499,5759787.32
1742601600000,4.5,4.547,4.415,4.446,3327416.15
1742688000000,4.446,4.518,4.4,4.502,2678878.36
1742774400000,4.503,4.773,4.469,4.62,5907545.08
1742860800000,4.62,4.721,4.582,4.637,3866173.71
1742947200000,4.637,4.767,4.596,4.694,5629934.83
1743033600000,4.695,4.759,4.495,4.625,5678166.73
1743120000000,4.623,4.646,4.242,4.282,5665177.03
1743206400000,4.282,4.304,3.996,4.05,4478918.92
1743292800000,4.05,4.173,3.985,4.042,3302917.68
1743379200000,4.043,4.093,3.949,4.02,4622562.33
1743465600000,4.021,4.282,4.015,4.171,4417348.85
1743552000000,4.171,4.24,3.911,3.965,6989787.29
1743638400000,3.965,4.111,3.845,4.059,5063977.24
1743724800000,4.06,4.131,3.946,4.035,4789003.5
1743811200000,4.034,4.069,3.897,3.956,2096452.45
1743897600000,3.955,3.976,3.601,3.683,6022544.15
1743984000000,3.685,3.735,3.282,3.593,15127726.43
1744070400000,3.592,3.706,3.342,3.378,5407861.13
1744156800000,3.377,3.753,3.25,3.643,11027926.38
1744243200000,3.643,3.65,3.389,3.463,7342100.4
1744329600000,3.462,3.599,3.45,3.557,5169131.93
1744416000000,3.558,3.756,3.525,3.713,4420760.89
1744502400000,3.713,3.816,3.615,3.668,6619352.13
1744588800000,3.669,3.798,3.633,3.677,5218014.54
1744675200000,3.676,3.735,3.516,3.519,4692519.65
1744761600000,3.519,3.619,3.469,3.557,4278941.46
1744848000000,3.557,3.698,3.54,3.634,3658951.76
1744934400000,3.636,3.748,3.613,3.675,2261720.31
1745020800000,3.675,3.892,3.645,3.88,2997616.3
1745107200000,3.88,3.952,3.787,3.878,3877366.27
1745193600000,3.879,3.982,3.771,3.78,4698554.41
1745280000000,3.78,4.04,3.689,4.007,7580714.41
1745366400000,4.008,4.198,3.999,4.093,7854197.12
1745452800000,4.093,4.286,3.929,4.269,6601559.83
1745539200000,4.268,4.374,4.215,4.254,6676283.69
1745625600000,4.254,4.362,4.201,4.263,4527685.25
1745712000000,4.264,4.291,4.056,4.09,5800570.8
1745798400000,4.09,4.267,4.009,4.242,5819426.05
1745884800000,4.242,4.33,4.101,4.147,3884592.85
1745971200000,4.146,4.175,4.026,4.065,4199576.05
1746057600000,4.066,4.224,4.064,4.177,3925860.31
1746144000000,4.177,4.287,4.126,4.161,3231292.82
1746230400000,4.161,4.172,4.012,4.028,2386438.85
1746316800000,4.028,4.051,3.894,3.92,4232639.09
1746403200000,3.919,4.022,3.884,3.918,3957728.74
1746489600000,3.918,3.977,3.823,3.971,4277490.05
1746576000000,3.972,4.007,3.88,3.969,2714666.36
1746662400000,3.968,4.494,3.966,4.456,8866998.35
1746748800000,4.455,4.863,4.434,4.799,11614442.99
1746835200000,4.799,5.323,4.797,5.309,11854751.74
1746921600000,5.309,5.362,4.954,5.097,8101384.06
1747008000000,5.097,5.4,4.89,5.068,9921543.44
1747094400000,5.069,5.273,4.823,5.195,6748215.11
1747180800000,5.194,5.267,4.947,4.98,5284499.6
1747267200000,4.981,5.028,4.679,4.779,7496534.85
1747353600000,4.778,4.956,4.711,4.755,4420510.08
1747440000000,4.755,4.768,4.557,4.612,3799964.46
1747526400000,4.613,4.921,4.508,4.793,4741500.76
1747612800000,4.794,4.821,4.412,4.596,5563926.25
1747699200000,4.597,4.727,4.519,4.677,4133769.06
1747785600000,4.677,4.877,4.612,4.74,6374820.22
1747872000000,4.741,4.977,4.732,4.948,4934402.45
1747958400000,4.948,5.12,4.531,4.561,10214231.78
1748044800000,4.562,4.633,4.511,4.545,3091142.26
1748131200000,4.546,4.564,4.35,4.523,3942315.1
1748217600000,4.523,4.617,4.426,4.468,3794527.16
1748304000000,4.468,4.614,4.373,4.535,3874357.43
1748390400000,4.536,4.661,4.419,4.587,4289732.2
1748476800000,4.588,4.682,4.33,4.332,4814923.2
1748563200000,4.333,4.358,4.008,4.049,8486843.25
1748649600000,4.049,4.121,3.895,4.076,5429234.96
1748736000000,4.077,4.102,3.971,4.066,2555495.93
1748822400000,4.066,4.171,3.952,4.148,3601436.52
1748908800000,4.149,4.223,4.097,4.137,3668892.34
1748995200000,4.137,4.214,3.985,4.006,5036516.92
1749081600000,4.006,4.078,3.742,3.814,6640572.84
1749168000000,3.814,3.992,3.802,3.884,3530206.93
1749254400000,3.886,4.058,3.868,4.031,2274474.36
1749340800000,4.031,4.112,3.977,4.025,2726928.43
1749427200000,4.026,4.162,3.963,4.151,4628656.78
1749513600000,4.152,4.317,4.097,4.294,6662210.27
1749600000000,4.295,4.346,4.146,4.189,5328497.22
1749686400000,4.188,4.204,3.907,3.919,5999705.47
1749772800000,3.919,3.919,3.664,3.838,9117736.81
1749859200000,3.838,3.846,3.716,3.781,2930108.58
1749945600000,3.782,3.834,3.735,3.821,1774308.52
1750032000000,3.821,3.991,3.786,3.847,4011866.39
1750118400000,3.846,3.897,3.663,3.719,5144535.08
1750204800000,3.719,3.786,3.572,3.622,6307506.25
1750291200000,3.622,3.657,3.496,3.548,6333647.02
1750377600000,3.547,3.577,3.33,3.437,7730014.2
1750464000000,3.437,3.508,3.209,3.324,5927367.37
1750550400000,3.325,3.363,3.007,3.153,11019675.81
1750636800000,3.153,3.421,3.111,3.416,8879579.75
1750723200000,3.416,3.525,3.385,3.439,4687786.75
1750809600000,3.438,3.465,3.341,3.352,3894305.42
1750896000000,3.352,3.433,3.271,3.299,3980149.78
1750982400000,3.299,3.394,3.274,3.359,3955846.51
1751068800000,3.36,3.426,3.33,3.407,1866680.64
1751155200000,3.408,3.582,3.379,3.541,2800833.68
1751241600000,3.542,3.56,3.352,3.397,3677669.93
1751328000000,3.397,3.42,3.256,3.281,3435357.79
1751414400000,3.28,3.625,3.241,3.545,6939908.98
1751500800000,3.545,3.665,3.499,3.539,5719860.72
1751587200000,3.539,3.561,3.313,3.358,5659272.37
1751673600000,3.358,3.39,3.308,3.356,2237505.07
1751760000000,3.356,3.448,3.328,3.395,3771010.63
1751846400000,3.395,3.437,3.323,3.369,2853677.78
1751932800000,3.369,3.477,3.327,3.448,3238505.57
1752019200000,3.448,3.659,3.417,3.62,5645429.86
1752105600000,3.62,3.893,3.59,3.881,7702932.38
1752192000000,3.882,4.11,3.81,3.907,11587795.88
1752278400000,3.906,4.065,3.796,3.891,6362410.61
1752364800000,3.891,4.067,3.876,3.984,4490493.77
1752451200000,3.986,4.196,3.901,3.95,7927204.23
1752537600000,3.951,4.099,3.8,4.083,7487065.71
1752624000000,4.082,4.269,4.011,4.156,8644793.78
1752710400000,4.156,4.303,4.065,4.26,10269842.37
1752796800000,4.26,4.624,4.137,4.227,15308346.29
1752883200000,4.228,4.454,4.133,4.409,5326771.73
1752969600000,4.41,4.587,4.348,4.48,8442881.82
1753056000000,4.48,4.673,4.395,4.499,10863654.36
1753142400000,4.499,4.554,4.279,4.549,12364489.73
1753228800000,4.551,4.551,4.0,4.113,13057291.53
1753315200000,4.114,4.202,3.894,4.0,13015319.69
1753401600000,4.001,4.1,3.863,4.088,8036783.72
1753488000000,4.088,4.195,4.069,4.124,3803852.35
1753574400000,4.124,4.25,4.113,4.24,3861788.18
1753660800000,4.239,4.309,3.93,3.965,8173653.83
1753747200000,3.965,4.084,3.82,3.905,8196464.85
1753833600000,3.905,3.921,3.626,3.805,9521746.16
1753920000000,3.807,3.921,3.665,3.682,6961247.47
1754006400000,3.682,3.723,3.446,3.547,12325057.3
1754092800000,3.547,3.631,3.427,3.509,7331432.98
1754179200000,3.508,3.627,3.459,3.602,4271487.01
1754265600000,3.603,3.757,3.597,3.72,5254660.42
1754352000000,3.72,3.725,3.538,3.621,4867850.77
1754438400000,3.62,3.696,3.553,3.673,4176179.49
1754524800000,3.673,3.872,3.644,3.867,6942776.28
1754611200000,3.867,3.998,3.809,3.979,9301135.78
1754697600000,3.98,4.167,3.971,4.138,6335022.21
1754784000000,4.138,4.181,3.965,4.046,6706646.13
1754870400000,4.047,4.158,3.817,3.854,8300985.31
1754956800000,3.854,4.234,3.837,4.157,9675655.97
1755043200000,4.157,4.317,4.097,4.276,10297928.08
1755129600000,4.277,4.371,3.903,3.986,15790612.61
1755216000000,3.985,4.103,3.812,3.896,10343199.92
1755302400000,3.895,3.997,3.89,3.966,3322722.85
1755388800000,3.965,4.193,3.923,4.051,6055265.18
1755475200000,4.052,4.062,3.83,3.914,9368368.75
1755561600000,3.915,3.96,3.712,3.719,7305952.56
1755648000000,3.72,3.905,3.697,3.884,6469886.1
1755734400000,3.884,3.923,3.773,3.797,3624305.24
1755820800000,3.797,4.207,3.69,4.18,13159075.02
1755907200000,4.181,4.265,4.026,4.228,7634548.17
1755993600000,4.228,4.283,4.013,4.11,10514865.37
1756080000000,4.11,4.146,3.689,3.734,12839625.21
1756166400000,3.733,3.923,3.708,3.887,5875192.67
1756252800000,3.887,3.934,3.824,3.837,5843493.47
1756339200000,3.837,4.021,3.807,3.981,9442655.7
1756425600000,3.98,4.002,3.724,3.774,11616215.46
1756512000000,3.775,3.825,3.712,3.811,3739627.01
1756598400000,3.81,3.875,3.735,3.742,5058032.28
1756684800000,3.742,3.887,3.612,3.693,9277624.68
1756771200000,3.694,3.826,3.676,3.82,5209474.46
1756857600000,3.819,3.906,3.786,3.865,3962287.04
1756944000000,3.866,3.877,3.725,3.764,3587924.75
1757030400000,3.764,3.894,3.757,3.828,5370012.94
1757116800000,3.827,3.885,3.782,3.823,2898761.54
1757203200000,3.824,4.089,3.822,3.995,8531584.81
1757289600000,3.996,4.082,3.981,4.045,8214086.86
1757376000000,4.045,4.182,4.004,4.14,9473367.09
1757462400000,4.139,4.227,4.054,4.216,8171709.85
1757548800000,4.216,4.26,4.119,4.242,6936262.84
1757635200000,4.242,4.322,4.153,4.319,6911202.75
1757721600000,4.319,4.626,4.303,4.492,11803303.5
1757808000000,4.492,4.498,4.28,4.316,6172903.79
1757894400000,4.316,4.405,4.104,4.151,7903428.85
1757980800000,4.151,4.295,4.109,4.253,7509246.75
1758067200000,4.254,4.432,4.136,4.403,8161416.41
1758153600000,4.403,4.595,4.373,4.533,9989936.15
1758240000000,4.533,4.882,4.318,4.359,16139500.94
1758326400000,4.358,4.463,4.289,4.356,6646556.19
1758412800000,4.356,4.387,4.236,4.262,4486161.2
1758499200000,4.261,4.279,3.821,4.037,13684796.77
1758585600000,4.037,4.059,3.938,3.966,5764633.15
1758672000000,3.965,4.115,3.889,3.992,6311985.33
1758758400000,3.992,4.005,3.771,3.804,11887593.18
1758844800000,3.804,3.97,3.776,3.924,6107591.86
1758931200000,3.924,3.927,3.851,3.889,2788713.49
1759017600000,3.889,4.03,3.792,3.997,4451365.02
1759104000000,3.997,4.023,3.858,3.98,6112476.63
1759190400000,3.98,3.992,3.808,3.909,4219657.99
1759276800000,3.909,4.126,3.883,4.126,6247286.83
1759363200000,4.126,4.34,4.1,4.306,8406597.21
1759449600000,4.307,4.384,4.179,4.32,7021367.23
1759536000000,4.321,4.329,4.135,4.187,4829228.68
1759622400000,4.189,4.375,4.077,4.134,6376106.76
1759708800000,4.134,4.439,4.109,4.398,9254105.48
1759795200000,4.399,4.434,4.106,4.139,8608356.86
1759881600000,4.139,4.241,4.063,4.194,7048183.35
1759968000000,4.194,4.198,3.962,4.075,7419770.28
1760054400000,4.074,4.291,0.633,2.946,50685534.833
1760140800000,2.945,3.317,2.873,2.997,33673506.59
1760227200000,2.997,3.307,2.907,3.241,13812032.64
1760313600000,3.241,3.448,3.194,3.374,14008985.74
1760400000000,3.375,3.399,3.066,3.248,13079428.0
1760486400000,3.248,3.341,3.089,3.137,8028268.55
1760572800000,3.137,3.208,2.97,3.016,11684100.23
1760659200000,3.017,3.061,2.772,2.892,14335134.66
1760745600000,2.892,2.971,2.889,2.932,3912674.58
1760832000000,2.933,3.057,2.886,3.009,5985335.93
1760918400000,3.009,3.132,2.949,3.086,6738711.38
1761004800000,3.085,3.19,2.95,3.006,8717666.16
1761091200000,3.005,3.028,2.834,2.918,7679721.12
1761177600000,2.919,3.036,2.912,3.002,5244770.87
1761264000000,3.003,3.125,2.992,3.078,4802271.08
1761350400000,3.079,3.106,3.027,3.09,2210795.91
1761436800000,3.091,3.239,3.059,3.195,3798617.54
1761523200000,3.195,3.247,3.119,3.139,5085535.81
1761609600000,3.138,3.195,2.992,3.051,6077354.59
1761696000000,3.05,3.177,3.023,3.079,5626477.7
1761782400000,3.08,3.118,2.78,2.871,10939988.93
1761868800000,2.871,2.925,2.827,2.882,5497768.43
1761955200000,2.882,2.974,2.865,2.971,4217933.18
1762041600000,2.971,3.016,2.866,2.985,4366321.14
1762128000000,2.985,2.993,2.5,2.585,14377248.98
1762214400000,2.585,2.662,2.343,2.508,16629831.45
1762300800000,2.508,2.685,2.384,2.672,8870378.0
1762387200000,2.671,2.683,2.527,2.669,9282186.59
1762473600000,2.669,3.34,2.664,3.254,30723299.04
1762560000000,3.254,3.533,3.086,3.252,23331422.94
1762646400000,3.252,3.31,3.037,3.232,12947626.4
1762732800000,3.232,3.316,3.125,3.266,13970827.39
1762819200000,3.267,3.387,3.041,3.054,11303001.65
1762905600000,3.055,3.146,2.876,2.927,9353590.68
1762992000000,2.928,3.045,2.763,2.853,8814259.15
1763078400000,2.853,2.921,2.749,2.815,10689974.59
1763164800000,2.815,2.949,2.813,2.832,4839072.65
1763251200000,2.832,2.899,2.695,2.784,5772741.72
1763337600000,2.785,2.867,2.627,2.666,8259234.67
1763424000000,2.666,2.802,2.617,2.755,7655812.28
1763510400000,2.755,2.767,2.569,2.692,6386470.03
1763596800000,2.693,2.82,2.503,2.543,9026877.87
1763683200000,2.543,2.593,2.252,2.348,12620524.53
1763769600000,2.348,2.357,2.257,2.311,5480201.78
1763856000000,2.311,2.37,2.248,2.258,4928467.72
1763942400000,2.258,2.397,2.242,2.34,7557391.45
1764028800000,2.34,2.349,2.176,2.296,7202523.95
1764115200000,2.296,2.371,2.24,2.344,5647328.47
1764201600000,2.344,2.39,2.308,2.337,4044236.62
1764288000000,2.336,2.376,2.26,2.284,4916940.56
1764374400000,2.284,2.298,2.227,2.259,2700560.48
1764460800000,2.258,2.293,2.204,2.21,2272280.97
1764547200000,2.209,2.209,1.961,2.042,12815413.41
1764633600000,2.042,2.286,2.033,2.249,8246867.07
1764720000000,2.25,2.4,2.241,2.366,7695403.08
1764806400000,2.365,2.376,2.245,2.272,6470520.84
1764892800000,2.272,2.308,2.084,2.125,6393803.73
1764979200000,2.125,2.164,2.087,2.128,3686360.78
1765065600000,2.128,2.16,2.04,2.094,6185412.28
1765152000000,2.094,2.179,2.084,2.129,7982758.73
1765238400000,2.13,2.393,2.089,2.293,10684211.99
1765324800000,2.292,2.316,2.183,2.19,6862399.14
1765411200000,2.19,2.193,2.008,2.066,11632964.04
1765497600000,2.066,2.096,1.945,2.012,8591083.66
1765584000000,2.012,2.058,2.008,2.038,2858760.03
1765670400000,2.037,2.046,1.932,1.952,5678126.98
1765756800000,1.953,2.01,1.829,1.902,8037020.67
1765843200000,1.902,1.943,1.862,1.898,5523119.29
1765929600000,1.898,1.955,1.79,1.816,9627196.53
1766016000000,1.815,1.889,1.722,1.759,9653339.53
1766102400000,1.76,1.88,1.738,1.849,8061605.69
1766188800000,1.849,1.869,1.827,1.832,2802648.5
1766275200000,1.832,1.852,1.751,1.802,4326686.91
1766361600000,1.803,1.854,1.757,1.784,6861199.0
1766448000000,1.784,1.802,1.728,1.765,5729160.19
1766534400000,1.764,1.776,1.706,1.738,4384897.36
1766620800000,1.738,1.753,1.678,1.685,4915432.64
1766707200000,1.685,1.753,1.653,1.723,7309973.8
1766793600000,1.724,1.928,1.723,1.91,9958154.22
1766880000000,1.91,1.915,1.828,1.851,4854587.77
1766966400000,1.851,1.904,1.818,1.824,7103805.42
1767052800000,1.823,1.847,1.792,1.811,4858758.99
1767139200000,1.811,1.845,1.762,1.789,3980800.81
1767225600000,1.789,2.033,1.765,1.999,10513359.81
1767312000000,1.998,2.17,1.968,2.166,10929863.57
1767398400000,2.165,2.22,2.108,2.125,6758275.83
1767484800000,2.125,2.18,2.116,2.142,4649012.22
1767571200000,2.143,2.238,2.096,2.208,8403018.63
1767657600000,2.207,2.263,2.112,2.235,8857748.56
1767744000000,2.234,2.249,2.12,2.145,5563858.69
1767830400000,2.145,2.159,2.084,2.111,4670604.57
1767916800000,2.111,2.144,2.048,2.083,4701944.8
1768003200000,2.083,2.13,2.069,2.093,2303538.23
1768089600000,2.093,2.125,2.034,2.07,2644638.02
1768176000000,2.071,2.153,2.022,2.055,5469757.83
1768262400000,2.054,2.343,2.052,2.282,13301063.71
1768348800000,2.283,2.298,2.195,2.226,7108770.22
1768435200000,2.225,2.239,2.097,2.117,6339482.62
1768521600000,2.117,2.156,2.056,2.119,5970610.99
1768608000000,2.12,2.235,2.113,2.179,5627984.65
1768694400000,2.178,2.203,2.063,2.065,5133672.79
1768780800000,2.065,2.065,1.834,2.028,11523563.0
1768867200000,2.028,2.051,1.881,1.897,7570140.82
1768953600000,1.898,2.0,1.873,1.955,5604820.5
1769040000000,1.955,1.982,1.905,1.927,2987992.66
1769126400000,1.927,1.984,1.897,1.926,3817856.64
1769212800000,1.926,1.941,1.899,1.93,1695777.33
1769299200000,1.929,1.944,1.78,1.823,5011621.15
1769385600000,1.823,1.898,1.818,1.875,4395513.56
1769472000000,1.876,1.899,1.828,1.876,3778155.37
1769558400000,1.877,1.896,1.831,1.87,6001177.52
1769644800000,1.87,1.875,1.697,1.736,7419230.56
1769731200000,1.736,1.748,1.652,1.69,8782609.93
1769817600000,1.69,1.691,1.399,1.547,14030240.75
1769904000000,1.548,1.56,1.459,1.495,7323300.46
1769990400000,1.496,1.576,1.452,1.543,7959613.28
1770076800000,1.543,1.566,1.431,1.5,11599952.77
1770163200000,1.499,1.534,1.425,1.461,6999588.65
1770249600000,1.462,1.478,1.232,1.248,19723447.25
1770336000000,1.248,1.407,1.101,1.368,20408661.56
1770422400000,1.367,1.403,1.316,1.372,9699017.55
1770508800000,1.372,1.377,1.325,1.337,3572670.0
1770595200000,1.336,1.351,1.277,1.32,5230593.27
1770681600000,1.32,1.328,1.265,1.283,4359481.45
1770768000000,1.283,1.297,1.225,1.256,6362045.55
1770854400000,1.255,1.304,1.249,1.283,4483978.99
1770940800000,1.283,1.341,1.252,1.33,4532467.32
1771027200000,1.331,1.44,1.33,1.421,4174084.23
1771113600000,1.421,1.439,1.331,1.357,5627915.61
1771200000000,1.357,1.391,1.332,1.376,3599652.05
1771286400000,1.377,1.381,1.34,1.347,3462703.77
1771372800000,1.347,1.372,1.3,1.311,3803204.9
1771459200000,1.311,1.322,1.26,1.287,3960231.45
1771545600000,1.287,1.364,1.274,1.341,6388269.43
1771632000000,1.341,1.398,1.328,1.36,4005534.49
1771718400000,1.359,1.366,1.303,1.313,3333549.12
1771804800000,1.313,1.314,1.239,1.265,7458108.2
1771891200000,1.265,1.279,1.225,1.238,6332543.71
1771977600000,1.239,1.752,1.235,1.663,40082501.97
1772064000000,1.663,1.696,1.522,1.609,29187050.32
1772150400000,1.609,1.683,1.547,1.599,18268978.26
1772236800000,1.6,1.675,1.458,1.662,19455922.95
1772323200000,1.662,1.681,1.504,1.534,11826274.49
1772409600000,1.535,1.603,1.498,1.509,14931124.9
1772496000000,1.509,1.557,1.473,1.533,8253153.19
1772582400000,1.533,1.574,1.508,1.541,9346138.31
1772668800000,1.541,1.556,1.482,1.53,6108684.73
1772755200000,1.529,1.547,1.453,1.488,5125595.36
1772841600000,1.489,1.517,1.431,1.448,4297384.3
1772928000000,1.448,1.485,1.425,1.452,4938152.76
1773014400000,1.453,1.533,1.452,1.494,6242706.57
1773100800000,1.494,1.546,1.479,1.486,6262818.66
1773187200000,1.486,1.555,1.473,1.522,5773554.61
1773273600000,1.523,1.528,1.485,1.518,4195825.0
1773360000000,1.517,1.55,1.447,1.464,9201809.0
1773446400000,1.463,1.463,1.403,1.414,4828537.28
1773532800000,1.413,1.446,1.392,1.441,6187751.89
1773619200000,1.442,1.662,1.432,1.64,22041939.73
1773705600000,1.641,1.643,1.582,1.62,7562724.5
1773792000000,1.621,1.654,1.539,1.577,7269010.46
1773878400000,1.577,1.579,1.496,1.521,4869424.19
1773964800000,1.522,1.553,1.494,1.499,3622808.3
1774051200000,1.499,1.516,1.457,1.468,3209315.5
1774137600000,1.467,1.483,1.393,1.413,3782595.47
1774224000000,1.413,1.493,1.402,1.421,7892507.7
1774310400000,1.421,1.429,1.36,1.401,7890723.75
1774396800000,1.402,1.412,1.346,1.363,8355450.23
1774483200000,1.363,1.369,1.301,1.321,8359715.18
1774569600000,1.321,1.34,1.27,1.292,6120335.65
1774656000000,1.291,1.306,1.253,1.259,5134154.6
1774742400000,1.259,1.276,1.221,1.261,3214125.71
1774828800000,1.261,1.288,1.233,1.243,6223675.83
1774915200000,1.244,1.278,1.226,1.253,6836567.44
1775001600000,1.253,1.303,1.247,1.255,6054854.02
1775088000000,1.256,1.269,1.204,1.237,5677094.61
1775174400000,1.237,1.267,1.23,1.239,3036914.91
1775260800000,1.238,1.265,1.233,1.254,2124399.58
1775347200000,1.254,1.27,1.216,1.245,4990235.71
1775433600000,1.245,1.317,1.232,1.241,5616931.89
1775520000000,1.24,1.33,1.205,1.314,6266594.29
1775606400000,1.314,1.335,1.265,1.269,5519824.88
1775692800000,1.268,1.361,1.235,1.3,6517543.15
1775779200000,1.3,1.328,1.282,1.305,4555791.41
1775865600000,1.306,1.315,1.265,1.286,4168985.01
1775952000000,1.287,1.288,1.217,1.225,5620079.89
1776038400000,1.225,1.242,1.148,1.229,19105149.08
1776124800000,1.23,1.231,1.147,1.167,11563925.42
1776211200000,1.166,1.198,1.147,1.182,7145815.84
1776297600000,1.182,1.353,1.171,1.329,20870959.17
1776384000000,1.328,1.355,1.285,1.334,10674935.49
1776470400000,1.334,1.342,1.27,1.272,6337921.01
1776556800000,1.273,1.291,1.235,1.24,4985687.05
1776643200000,1.239,1.295,1.238,1.281,4734339.71
1776729600000,1.28,1.292,1.257,1.279,4607824.13
1776816000000,1.279,1.327,1.269,1.272,6321105.58
1776902400000,1.272,1.278,1.212,1.241,6901663.77
1776988800000,1.24,1.269,1.227,1.254,5153548.73
1777075200000,1.254,1.275,1.237,1.246,3401813.69
1777161600000,1.246,1.274,1.235,1.26,3157052.64
1777248000000,1.26,1.275,1.21,1.233,5056416.11
1777334400000,1.232,1.241,1.216,1.229,2951297.01
1777420800000,1.229,1.259,1.179,1.211,5983034.37
1777507200000,1.212,1.226,1.197,1.204,3118654.86
1777593600000,1.205,1.229,1.193,1.204,5432647.91
1777680000000,1.205,1.241,1.195,1.227,3293914.38
1777766400000,1.228,1.229,1.204,1.209,2901036.9
1777852800000,1.209,1.263,1.197,1.228,7455752.31
1777939200000,1.229,1.296,1.225,1.279,6134359.85
1778025600000,1.278,1.334,1.269,1.319,7727592.01
1778112000000,1.318,1.338,1.29,1.311,6201270.31
1778198400000,1.311,1.391,1.293,1.374,7832265.64
1778284800000,1.375,1.393,1.338,1.346,4172174.87
1778371200000,1.346,1.419,1.329,1.383,7477681.95
1778457600000,1.383,1.386,1.335,1.364,5397668.42
1778544000000,1.363,1.369,1.303,1.335,4320185.37
1778630400000,1.335,1.438,1.314,1.329,8356018.84
1778716800000,1.328,1.422,1.313,1.364,6364000.58
1778803200000,1.364,1.376,1.289,1.316,5124475.27
1778889600000,1.316,1.321,1.247,1.268,4113649.76
1778976000000,1.267,1.294,1.214,1.25,3716138.49
1779062400000,1.25,1.255,1.215,1.252,6882454.89
1779148800000,1.252,1.261,1.219,1.225,3407128.41
1779235200000,1.225,1.258,1.219,1.249,3833908.49
1779321600000,1.249,1.309,1.244,1.292,7991012.83
1779408000000,1.292,1.347,1.25,1.258,11575215.16
1779494400000,1.259,1.266,1.2,1.216,4747316.9
